3689,18/09/12,14:20:00,0.0,0,0,22.5,64,1022.9,7,4134.2047,-7037.2013,11.6,
3689,18/09/12,14:21:00,1.7,259,54,22.6,66,1022.8,8,4134.2057,-7037.2023,11.6,
3689,18/09/12,14:22:00,0.0,0,0,22.6,66,1022.8,9,4134.2057,-7037.2024,11.6,
3689,18/09/12,14:23:00,0.0,0,0,22.6,66,1022.8,9,4134.2057,-7037.2025,11.6,
3689,18/09/12,14:24:00,0.3,337,11,22.6,67,1022.7,8,4134.2066,-7037.2019,11.6,
3689,18/09/12,14:25:00,1.9,331,9,22.6,67,1022.7,9,4134.2066,-7037.2020,11.6,
3689,18/09/12,14:26:00,2.5,336,2,22.6,68,1022.7,9,4134.2069,-7037.2023,11.6,
3689,18/09/12,14:27:00,2.8,334,2,22.6,68,1022.7,9,4134.2070,-7037.2024,11.6,
3689,18/09/12,14:28:00,2.9,335,3,22.6,68,1022.6,10,4134.2071,-7037.2025,11.6,
3689,18/09/12,14:29:00,2.8,329,11,22.7,68,1022.6,10,4134.2071,-7037.2027,11.6,
3689,18/09/12,14:30:00,2.6,331,4,22.7,68,1022.6,10,4134.2072,-7037.2028,11.6,
3689,18/09/12,14:31:00,0.3,337,10,22.7,69,1022.6,9,4134.2072,-7037.2030,11.5,
3689,18/09/12,14:32:00,2.4,339,3,22.8,69,1022.5,10,4134.2070,-7037.2030,11.6,
3689,18/09/12,14:33:00,2.7,341,5,22.8,68,1022.5,10,4134.2069,-7037.2030,11.6,
3689,18/09/12,14:34:00,2.8,346,6,22.9,69,1022.5,9,4134.2068,-7037.2030,11.6,
3689,18/09/12,14:35:00,3.3,348,2,22.9,68,1022.5,9,4134.2067,-7037.2029,11.6,
3689,18/09/12,14:36:00,3.0,347,2,22.9,67,1022.5,9,4134.2065,-7037.2029,11.6,
3689,18/09/12,14:37:00,2.8,349,2,22.9,66,1022.5,9,4134.2064,-7037.2027,11.6,
3689,18/09/12,14:38:00,3.0,347,3,22.9,66,1022.5,8,4134.2064,-7037.2028,11.6,
3689,18/09/12,14:39:00,3.0,349,2,22.8,65,1022.5,8,4134.2062,-7037.2029,11.6,
3689,18/09/12,14:40:00,2.6,348,2,22.8,65,1022.5,8,4134.2062,-7037.2029,11.6,
3689,18/09/12,14:41:00,2.2,347,7,22.6,63,1022.5,9,4134.2061,-7037.2028,11.6,
3689,18/09/12,14:42:00,2.5,342,4,22.6,63,1022.5,9,4134.2061,-7037.2028,11.6,
3689,18/09/12,14:43:00,2.4,340,3,22.5,62,1022.5,9,4134.2061,-7037.2027,11.6,
3689,18/09/12,14:44:00,2.8,337,3,22.3,61,1022.5,9,4134.2060,-7037.2027,11.6,
3689,18/09/12,14:45:00,2.7,346,2,22.2,60,1022.5,11,4134.2060,-7037.2027,11.6,
3689,18/09/12,14:46:00,2.9,350,2,22.1,60,1022.5,8,4134.2059,-7037.2027,11.6,
3689,18/09/12,14:47:00,2.2,351,2,22.1,61,1022.5,10,4134.2059,-7037.2028,11.5,
3689,18/09/12,14:48:00,2.7,354,2,22.1,62,1022.5,11,4134.2058,-7037.2029,11.6,
3689,18/09/12,14:49:00,2.8,352,3,22.2,63,1022.5,10,4134.2057,-7037.2029,11.6,
3689,18/09/12,14:50:00,3.0,349,3,22.3,63,1022.5,10,4134.2055,-7037.2030,11.6,
3689,18/09/12,14:51:00,2.8,352,3,22.4,64,1022.5,8,4134.2055,-7037.2032,11.6,
3689,18/09/12,14:52:00,3.1,352,3,22.4,65,1022.5,8,4134.2055,-7037.2033,11.6,
3689,18/09/12,14:53:00,2.8,352,2,22.5,65,1022.4,10,4134.2055,-7037.2034,11.6,
3689,18/09/12,14:54:00,2.9,351,4,22.5,66,1022.4,9,4134.2055,-7037.2034,11.6,
3689,18/09/12,14:55:00,2.8,351,2,22.5,66,1022.4,9,4134.2056,-7037.2033,11.6,
3689,18/09/12,14:56:00,3.1,348,8,22.6,67,1022.4,9,4134.2056,-7037.2033,11.5,
3689,18/09/12,14:57:00,3.0,352,2,22.6,67,1022.4,8,4134.2056,-7037.2032,11.6,
3689,18/09/12,14:58:00,2.9,354,1,22.7,67,1022.4,8,4134.2057,-7037.2032,11.6,
3689,18/09/12,14:59:00,3.0,350,2,22.7,68,1022.4,9,4134.2058,-7037.2031,11.6,
3689,18/09/12,15:00:00,2.0,353,2,22.7,68,1022.4,9,4134.2058,-7037.2032,11.6,
3689,18/09/12,15:01:00,2.2,351,2,22.8,68,1022.4,10,4134.2057,-7037.2031,11.6,
3689,18/09/12,15:02:00,2.3,346,2,22.8,68,1022.4,10,4134.2057,-7037.2029,11.6,
3689,18/09/12,15:03:00,2.3,352,3,22.9,68,1022.4,8,4134.2057,-7037.2026,11.6,
3689,18/09/12,15:04:00,2.2,353,1,22.9,67,1022.4,8,4134.2058,-7037.2025,11.5,
3689,18/09/12,15:05:00,1.4,351,4,22.9,66,1022.4,8,4134.2058,-7037.2026,11.6,
3689,18/09/12,15:06:00,0.0,0,0,23.0,66,1022.4,9,4134.2058,-7037.2026,11.6,
3689,18/09/12,15:07:00,0.0,0,0,23.0,65,1022.4,9,4134.2058,-7037.2026,11.6,
3689,18/09/12,15:08:00,0.0,0,1,23.0,65,1022.4,9,4134.2057,-7037.2026,11.6,
3689,18/09/12,15:09:00,0.0,0,0,23.1,64,1022.4,8,4134.2056,-7037.2027,11.6,
3689,18/09/12,15:10:00,0.0,0,0,23.1,64,1022.4,9,4134.2056,-7037.2028,11.6,
3689,18/09/12,15:11:00,3.1,173,2,23.1,64,1022.4,8,4134.2055,-7037.2029,11.6,
3689,18/09/12,15:12:00,2.3,172,6,23.1,63,1022.4,9,4134.2054,-7037.2030,11.6,
3689,18/09/12,15:13:00,2.7,172,4,23.1,62,1022.3,9,4134.2053,-7037.2031,11.6,
3689,18/09/12,15:14:00,3.0,169,2,23.1,61,1022.3,9,4134.2052,-7037.2032,11.6,
3689,18/09/12,15:15:00,3.1,173,2,23.0,60,1022.3,9,4134.2051,-7037.2031,11.6,
3689,18/09/12,15:16:00,3.2,172,2,22.9,59,1022.3,9,4134.2051,-7037.2029,11.6,
3689,18/09/12,15:17:00,3.3,169,4,22.9,58,1022.3,8,4134.2052,-7037.2027,11.6,
3689,18/09/12,15:18:00,3.0,170,2,22.8,58,1022.3,8,4134.2051,-7037.2027,11.6,
3689,18/09/12,15:19:00,2.8,172,0,22.8,59,1022.3,8,4134.2048,-7037.2027,11.6,
3689,18/09/12,15:20:00,2.6,172,1,22.8,60,1022.4,8,4134.2045,-7037.2027,11.6,
3689,18/09/12,15:21:00,1.9,177,0,22.8,61,1022.4,8,4134.2044,-7037.2028,11.6,
3689,18/09/12,15:22:00,2.5,169,3,22.8,62,1022.4,9,4134.2043,-7037.2031,11.6,
3689,18/09/12,15:23:00,2.5,174,3,22.8,63,1022.4,8,4134.2045,-7037.2032,11.6,
3689,18/09/12,15:24:00,0.3,172,38,22.9,64,1022.4,8,4134.2047,-7037.2032,11.6,
3689,18/09/12,15:25:00,0.0,0,0,22.9,64,1022.4,8,4134.2048,-7037.2032,11.6,
3689,18/09/12,15:26:00,0.0,0,0,22.9,64,1022.4,8,4134.2048,-7037.2032,11.6,
3689,18/09/12,15:27:00,0.0,0,0,23.0,64,1022.4,8,4134.2047,-7037.2032,11.6,
3689,18/09/12,15:28:00,0.0,0,0,23.0,65,1022.5,8,4134.2046,-7037.2032,11.6,
3689,18/09/12,15:29:00,0.0,0,0,23.0,65,1022.5,8,4134.2045,-7037.2032,11.6,
3689,18/09/12,15:30:00,0.0,0,0,23.1,65,1022.5,8,4134.2044,-7037.2031,11.6,
3689,18/09/12,15:31:00,0.0,0,0,23.1,65,1022.5,8,4134.2042,-7037.2031,11.5,
3689,18/09/12,15:32:00,1.2,82,48,23.1,66,1022.5,8,4134.2038,-7037.2032,11.6,
3689,18/09/12,15:33:00,3.3,79,2,23.1,66,1022.5,8,4134.2036,-7037.2032,11.6,
3689,18/09/12,15:34:00,3.3,78,2,23.1,66,1022.5,8,4134.2035,-7037.2032,11.6,
3689,18/09/12,15:35:00,3.8,74,2,23.1,65,1022.5,9,4134.2035,-7037.2030,11.6,
3689,18/09/12,15:36:00,3.4,72,6,23.1,65,1022.5,8,4134.2036,-7037.2028,11.6,
3689,18/09/12,15:37:00,3.2,72,1,23.2,64,1022.5,9,4134.2036,-7037.2027,11.6,
3689,18/09/12,15:38:00,3.4,79,4,23.2,64,1022.5,8,4134.2038,-7037.2027,11.6,
3689,18/09/12,15:39:00,3.5,81,3,23.1,62,1022.5,9,4134.2039,-7037.2027,11.6,
3689,18/09/12,15:40:00,3.5,76,8,23.1,61,1022.5,7,4134.2041,-7037.2027,11.6,
3689,18/09/12,15:41:00,3.4,80,3,23.0,60,1022.5,10,4134.2038,-7037.2026,11.6,
3689,18/09/12,15:42:00,1.6,91,30,22.9,59,1022.5,8,4134.2039,-7037.2025,11.6,
3689,18/09/12,15:43:00,1.8,75,6,22.8,58,1022.5,8,4134.2038,-7037.2025,11.6,
3689,18/09/12,15:44:00,1.4,86,4,22.7,58,1022.5,9,4134.2036,-7037.2026,11.6,
3689,18/09/12,15:45:00,2.4,73,13,22.6,59,1022.5,8,4134.2035,-7037.2028,11.6,
3689,18/09/12,15:46:00,1.8,72,12,22.6,60,1022.5,9,4134.2034,-7037.2030,11.6,
3689,18/09/12,15:47:00,1.0,72,37,22.6,61,1022.5,10,4134.2031,-7037.2032,11.6,
3689,18/09/12,15:48:00,0.9,71,34,22.6,62,1022.6,9,4134.2031,-7037.2031,11.6,
3689,18/09/12,15:49:00,1.1,71,21,22.7,63,1022.5,9,4134.2029,-7037.2032,11.6,
3689,18/09/12,15:50:00,1.3,71,23,22.7,63,1022.5,10,4134.2027,-7037.2033,11.6,
3689,18/09/12,15:51:00,0.4,73,38,22.8,64,1022.5,10,4134.2025,-7037.2033,11.6,
3689,18/09/12,15:52:00,0.0,0,21,22.8,65,1022.5,10,4134.2025,-7037.2034,11.6,
3689,18/09/12,15:53:00,0.0,0,0,22.9,65,1022.5,9,4134.2025,-7037.2034,11.6,
3689,18/09/12,15:54:00,0.8,260,53,22.9,65,1022.5,10,4134.2026,-7037.2035,11.6,
3689,18/09/12,15:55:00,3.4,247,3,23.0,66,1022.5,8,4134.2026,-7037.2034,11.5,
3689,18/09/12,15:56:00,3.6,249,3,23.0,66,1022.5,9,4134.2027,-7037.2033,11.6,
3689,18/09/12,15:57:00,3.3,247,3,23.0,66,1022.5,9,4134.2027,-7037.2030,11.6,
3689,18/09/12,15:58:00,3.5,245,2,23.1,66,1022.5,9,4134.2029,-7037.2028,11.6,
3689,18/09/12,15:59:00,3.4,246,3,23.1,66,1022.5,9,4134.2029,-7037.2026,11.6,
3689,18/09/12,16:00:00,2.9,246,2,23.2,66,1022.5,8,4134.2029,-7037.2026,11.6,
3689,18/09/12,16:01:00,2.9,244,2,23.2,66,1022.5,8,4134.2028,-7037.2025,11.6,
3689,18/09/12,16:02:00,2.9,245,1,23.2,66,1022.5,9,4134.2029,-7037.2024,11.6,
3689,18/09/12,16:03:00,2.7,245,1,23.2,66,1022.5,8,4134.2032,-7037.2022,11.5,
3689,18/09/12,16:04:00,2.9,243,1,23.2,65,1022.5,8,4134.2033,-7037.2020,11.6,
3689,18/09/12,16:05:00,1.2,243,49,23.2,65,1022.5,9,4134.2035,-7037.2018,11.6,
3689,18/09/12,16:06:00,1.5,245,31,23.2,64,1022.5,9,4134.2036,-7037.2015,11.6,
3689,18/09/12,16:07:00,0.4,246,62,23.2,63,1022.5,9,4134.2036,-7037.2013,11.6,
3689,18/09/12,16:08:00,0.2,247,56,23.2,62,1022.5,9,4134.2037,-7037.2012,11.6,
3689,18/09/12,16:09:00,0.9,258,40,23.1,61,1022.5,9,4134.2038,-7037.2011,11.6,
3689,18/09/12,16:10:00,0.5,255,47,23.1,59,1022.5,9,4134.2040,-7037.2010,11.6,
3689,18/09/12,16:11:00,0.0,0,0,23.0,59,1022.5,9,4134.2042,-7037.2010,11.6,
3689,18/09/12,16:12:00,0.0,0,0,23.0,59,1022.5,8,4134.2043,-7037.2011,11.6,
3689,18/09/12,16:13:00,0.0,0,0,23.1,60,1022.5,9,4134.2044,-7037.2012,11.6,
3689,18/09/12,16:14:00,0.0,0,0,23.1,60,1022.5,8,4134.2045,-7037.2012,11.6,
3689,18/09/12,16:15:00,0.0,0,0,23.1,61,1022.5,9,4134.2046,-7037.2011,11.6,
3689,18/09/12,16:16:00,0.0,0,0,23.1,63,1022.5,9,4134.2047,-7037.2011,11.6,
